20.1762 20.2068 20.2362 20.2643 20.2912 20.3169 20.3414 20.3646 20.3865 20.4072 20.4267 20.4449 20.4618 20.4775 20.4920 20.5052 20.5172 20.5278 20.5373 20.5455 20.5524 20.5581 20.5625 20.5656 20.5675 20.5681 20.5675 20.5656 20.5625 20.5581 20.5524 20.5455 20.5373 20.5278 20.5172 20.5052 20.4920 20.4775 20.4618 20.4449 20.4267 20.4072 20.3865 20.3646 20.3414 20.3169 20.2912
20.4813 20.5121 20.5417 20.5700 20.5971 20.6229 20.6475 20.6709 20.6929 20.7138 20.7333 20.7517 20.7687 20.7845 20.7991 20.8124 20.8244 20.8352 20.8447 20.8529 20.8598 20.8655 20.8700 20.8731 20.8750 20.8757 20.8750 20.8731 20.8700 20.8655 20.8598 20.8529 20.8447 20.8352 20.8244 20.8124 20.7991 20.7845 20.7687 20.7517 20.7333 20.7138 20.6929 20.6709 20.6475 20.6229 20.5971
20.7871 20.8181 20.8478 20.8763 20.9036 20.9296 20.9543 20.9778 21.0000 21.0210 21.0407 21.0591 21.0763 21.0922 21.1068 21.1202 21.1323 21.1431 21.1527 21.1609 21.1679 21.1737 21.1781 21.1813 21.1832 21.1839 21.1832 21.1813 21.1781 21.1737 21.1679 21.1609 21.1527 21.1431 21.1323 21.1202 21.1068 21.0922 21.0763 21.0591 21.0407 21.0210 21.0000 20.9778 20.9543 20.9296 20.9036
21.0935 21.1246 21.1546 21.1832 21.2106 21.2368 21.2617 21.2853 21.3077 21.3288 21.3486 21.3672 21.3844 21.4004 21.4152 21.4286 21.4408 21.4517 21.4613 21.4696 21.4767 21.4824 21.4869 21.4901 21.4921 21.4927 21.4921 21.4901 21.4869 21.4824 21.4767 21.4696 21.4613 21.4517 21.4408 21.4286 21.4152 21.4004 21.3844 21.3672 21.3486 21.3288 21.3077 21.2853 21.2617 21.2368 21.2106
21.4004 21.4318 21.4619 21.4908 21.5184 21.5447 21.5697 21.5935 21.6160 21.6372 21.6572 21.6758 21.6932 21.7093 21.7241 21.7377 21.7499 21.7609 21.7705 21.7789 21.7860 21.7918 21.7963 21.7996 21.8015 21.8022 21.8015 21.7996 21.7963 21.7918 21.7860 21.7789 21.7705 21.7609 21.7499 21.7377 21.7241 21.7093 21.6932 21.6758 21.6572 21.6372 21.6160 21.5935 21.5697 21.5447 21.5184
21.7080 21.7396 21.7699 21.7989 21.8267 21.8532 21.8784 21.9023 21.9249 21.9463 21.9664 21.9851 22.0026 22.0188 22.0337 22.0473 22.0597 22.0707 22.0804 22.0889 22.0960 22.1018 22.1064 22.1096 22.1116 22.1122 22.1116 22.1096 22.1064 22.1018 22.0960 22.0889 22.0804 22.0707 22.0597 22.0473 22.0337 22.0188 22.0026 21.9851 21.9664 21.9463 21.9249 21.9023 21.8784 21.8532 21.8267
22.0162 22.0480 22.0785 22.1077 22.1356 22.1623 22.1876 22.2117 22.2345 22.2559 22.2761 22.2950 22.3126 22.3289 22.3439 22.3576 22.3700 22.3811 22.3909 22.3994 22.4066 22.4125 22.4170 22.4203 22.4223 22.4229 22.4223 22.4203 22.4170 22.4125 22.4066 22.3994 22.3909 22.3811 22.3700 22.3576 22.3439 22.3289 22.3126 22.2950 22.2761 22.2559 22.2345 22.2117 22.1876 22.1623 22.1356
22.3250 22.3570 22.3877 22.4170 22.4451 22.4719 22.4975 22.5217 22.5446 22.5662 22.5865 22.6055 22.6232 22.6396 22.6547 22.6685 22.6810 22.6922 22.7020 22.7106 22.7178 22.7237 22.7283 22.7316 22.7336 22.7342 22.7336 22.7316 22.7283 22.7237 22.7178 22.7106 22.7020 22.6922 22.6810 22.6685 22.6547 22.6396 22.6232 22.6055 22.5865 22.5662 22.5446 22.5217 22.4975 22.4719 22.4451
22.6344 22.6666 22.6974 22.7270 22.7553 22.7822 22.8079 22.8323 22.8553 22.8771 22.8975 22.9166 22.9345 22.9510 22.9661 22.9800 22.9926 23.0038 23.0137 23.0223 23.0296 23.0355 23.0402 23.0435 23.0455 23.0461 23.0455 23.0435 23.0402 23.0355 23.0296 23.0223 23.0137 23.0038 22.9926 22.9800 22.9661 22.9510 22.9345 22.9166 22.8975 22.8771 22.8553 22.8323 22.8079 22.7822 22.7553
22.9444 22.9767 23.0078 23.0375 23.0660 23.0931 23.1189 23.1435 23.1667 23.1885 23.2091 23.2284 23.2463 23.2629 23.2782 23.2921 23.3048 23.3161 23.3260 23.3347 23.3420 23.3480 23.3526 23.3560 23.3580 23.3586 23.3580 23.3560 23.3526 23.3480 23.3420 23.3347 23.3260 23.3161 23.3048 23.2921 23.2782 23.2629 23.2463 23.2284 23.2091 23.1885 23.1667 23.1435 23.1189 23.0931 23.0660
23.2549 23.2875 23.3187 23.3486 23.3773 23.4046 23.4306 23.4552 23.4786 23.5006 23.5213 23.5406 23.5587 23.5754 23.5908 23.6048 23.6175 23.6289 23.6389 23.6476 23.6550 23.6610 23.6657 23.6691 23.6711 23.6717 23.6711 23.6691 23.6657 23.6610 23.6550 23.6476 23.6389 23.6289 23.6175 23.6048 23.5908 23.5754 23.5587 23.5406 23.5213 23.5006 23.4786 23.4552 23.4306 23.4046 23.3773
23.5660 23.5988 23.6302 23.6603 23.6891 23.7166 23.7428 23.7676 23.7911 23.8132 23.8340 23.8535 23.8717 23.8885 23.9039 23.9181 23.9309 23.9423 23.9524 23.9612 23.9686 23.9746 23.9793 23.9827 23.9847 23.9854 23.9847 23.9827 23.9793 23.9746 23.9686 23.9612 23.9524 23.9423 23.9309 23.9181 23.9039 23.8885 23.8717 23.8535 23.8340 23.8132 23.7911 23.7676 23.7428 23.7166 23.6891
23.8777 23.9107 23.9423 23.9726 24.0016 24.0292 24.0555 24.0805 24.1041 24.1264 24.1474 24.1670 24.1852 24.2021 24.2177 24.2319 24.2448 24.2563 24.2665 24.2753 24.2827 24.2888 24.2936 24.2970 24.2990 24.2997 24.2990 24.2970 24.2936 24.2888 24.2827 24.2753 24.2665 24.2563 24.2448 24.2319 24.2177 24.2021 24.1852 24.1670 24.1474 24.1264 24.1041 24.0805 24.0555 24.0292 24.0016
24.1900 24.2231 24.2550 24.2854 24.3146 24.3424 24.3689 24.3940 24.4178 24.4402 24.4613 24.4810 24.4994 24.5164 24.5321 24.5464 24.5593 24.5709 24.5811 24.5900 24.5975 24.6036 24.6084 24.6118 24.6139 24.6145 24.6139 24.6118 24.6084 24.6036 24.5975 24.5900 24.5811 24.5709 24.5593 24.5464 24.5321 24.5164 24.4994 24.4810 24.4613 24.4402 24.4178 24.3940 24.3689 24.3424 24.3146
24.5028 24.5361 24.5682 24.5988 24.6282 24.6561 24.6828 24.7081 24.7320 24.7545 24.7757 24.7956 24.8141 24.8312 24.8470 24.8614 24.8744 24.8860 24.8963 24.9052 24.9128 24.9190 24.9238 24.9272 24.9293 24.9299 24.9293 24.9272 24.9238 24.9190 24.9128 24.9052 24.8963 24.8860 24.8744 24.8614 24.8470 24.8312 24.8141 24.7956 24.7757 24.7545 24.7320 24.7081 24.6828 24.6561 24.6282
24.8161 24.8497 24.8819 24.9128 24.9423 24.9705 24.9972 25.0227 25.0467 25.0694 25.0908 25.1107 25.1293 25.1466 25.1624 25.1769 25.1900 25.2017 25.2121 25.2211 25.2287 25.2349 25.2397 25.2432 25.2452 25.2459 25.2452 25.2432 25.2397 25.2349 25.2287 25.2211 25.2121 25.2017 25.1900 25.1769 25.1624 25.1466 25.1293 25.1107 25.0908 25.0694 25.0467 25.0227 24.9972 24.9705 24.9423
25.1300 25.1638 25.1962 25.2273 25.2570 25.2853 25.3122 25.3378 25.3621 25.3849 25.4064 25.4265 25.4452 25.4625 25.4785 25.4930 25.5062 25.5180 25.5284 25.5375 25.5451 25.5513 25.5562 25.5597 25.5618 25.5625 25.5618 25.5597 25.5562 25.5513 25.5451 25.5375 25.5284 25.5180 25.5062 25.4930 25.4785 25.4625 25.4452 25.4265 25.4064 25.3849 25.3621 25.3378 25.3122 25.2853 25.2570
25.4445 25.4785 25.5111 25.5423 25.5722 25.6007 25.6278 25.6535 25.6779 25.7009 25.7225 25.7427 25.7615 25.7790 25.7950 25.8097 25.8230 25.8348 25.8453 25.8544 25.8621 25.8684 25.8733 25.8767 25.8788 25.8795 25.8788 25.8767 25.8733 25.8684 25.8621 25.8544 25.8453 25.8348 25.8230 25.8097 25.7950 25.7790 25.7615 25.7427 25.7225 25.7009 25.6779 25.6535 25.6278 25.6007 25.5722
25.7594 25.7936 25.8264 25.8579 25.8879 25.9166 25.9439 25.9698 25.9943 26.0174 26.0392 26.0595 26.0784 26.0960 26.1121 26.1269 26.1402 26.1522 26.1627 26.1719 26.1796 26.1859 26.1908 26.1944 26.1965 26.1972 26.1965 26.1944 26.1908 26.1859 26.1796 26.1719 26.1627 26.1522 26.1402 26.1269 26.1121 26.0960 26.0784 26.0595 26.0392 26.0174 25.9943 25.9698 25.9439 25.9166 25.8879
26.0749 26.1093 26.1423 26.1740 26.2042 26.2331 26.2605 26.2866 26.3112 26.3345 26.3564 26.3768 26.3959 26.4135 26.4298 26.4446 26.4580 26.4701 26.4807 26.4899 26.4977 26.5040 26.5090 26.5125 26.5146 26.5153 26.5146 26.5125 26.5090 26.5040 26.4977 26.4899 26.4807 26.4701 26.4580 26.4446 26.4298 26.4135 26.3959 26.3768 26.3564 26.3345 26.3112 26.2866 26.2605 26.2331 26.2042
26.3909 26.4255 26.4588 26.4906 26.5210 26.5500 26.5776 26.6039 26.6287 26.6521 26.6741 26.6947 26.7139 26.7316 26.7480 26.7629 26.7764 26.7885 26.7992 26.8084 26.8162 26.8227 26.8276 26.8312 26.8333 26.8340 26.8333 26.8312 26.8276 26.8227 26.8162 26.8084 26.7992 26.7885 26.7764 26.7629 26.7480 26.7316 26.7139 26.6947 26.6741 26.6521 26.6287 26.6039 26.5776 26.5500 26.5210
26.7075 26.7423 26.7757 26.8077 26.8383 26.8675 26.8953 26.9217 26.9467 26.9702 26.9923 27.0131 27.0324 27.0502 27.0667 27.0817 27.0953 27.1074 27.1182 27.1275 27.1354 27.1418 27.1468 27.1504 27.1526 27.1533 27.1526 27.1504 27.1468 27.1418 27.1354 27.1275 27.1182 27.1074 27.0953 27.0817 27.0667 27.0502 27.0324 27.0131 26.9923 26.9702 26.9467 26.9217 26.8953 26.8675 26.8383
27.0245 27.0595 27.0931 27.1253 27.1561 27.1855 27.2135 27.2400 27.2652 27.2888 27.3111 27.3319 27.3514 27.3693 27.3859 27.4010 27.4147 27.4269 27.4377 27.4471 27.4550 27.4615 27.4665 27.4701 27.4723 27.4730 27.4723 27.4701 27.4665 27.4615 27.4550 27.4471 27.4377 27.4269 27.4147 27.4010 27.3859 27.3693 27.3514 27.3319 27.3111 27.2888 27.2652 27.2400 27.2135 27.1855 27.1561
27.3420 27.3772 27.4111 27.4435 27.4745 27.5040 27.5322 27.5589 27.5841 27.6080 27.6304 27.6513 27.6709 27.6890 27.7056 27.7208 27.7346 27.7469 27.7578 27.7672 27.7752 27.7817 27.7868 27.7904 27.7926 27.7933 27.7926 27.7904 27.7868 27.7817 27.7752 27.7672 27.7578 27.7469 27.7346 27.7208 27.7056 27.6890 27.6709 27.6513 27.6304 27.6080 27.5841 27.5589 27.5322 27.5040 27.4745
27.6600 27.6955 27.7295 27.7621 27.7933 27.8230 27.8513 27.8782 27.9036 27.9276 27.9501 27.9712 27.9909 28.0091 28.0258 28.0411 28.0550 28.0674 28.0783 28.0878 28.0958 28.1024 28.1075 28.1111 28.1133 28.1140 28.1133 28.1111 28.1075 28.1024 28.0958 28.0878 28.0783 28.0674 28.0550 28.0411 28.0258 28.0091 27.9909 27.9712 27.9501 27.9276 27.9036 27.8782 27.8513 27.8230 27.7933
27.9785 28.0142 28.0484 28.0812 28.1126 28.1425 28.1710 28.1980 28.2236 28.2477 28.2704 28.2916 28.3114 28.3297 28.3466 28.3620 28.3759 28.3884 28.3994 28.4089 28.4170 28.4236 28.4287 28.4324 28.4346 28.4353 28.4346 28.4324 28.4287 28.4236 28.4170 28.4089 28.3994 28.3884 28.3759 28.3620 28.3466 28.3297 28.3114 28.2916 28.2704 28.2477 28.2236 28.1980 28.1710 28.1425 28.1126
28.2975 28.3334 28.3678 28.4008 28.4324 28.4625 28.4911 28.5183 28.5441 28.5683 28.5912 28.6125 28.6324 28.6508 28.6678 28.6833 28.6973 28.7098 28.7209 28.7305 28.7386 28.7452 28.7504 28.7541 28.7563 28.7571 28.7563 28.7541 28.7504 28.7452 28.7386 28.7305 28.7209 28.7098 28.6973 28.6833 28.6678 28.6508 28.6324 28.6125 28.5912 28.5683 28.5441 28.5183 28.4911 28.4625 28.4324
28.6169 28.6530 28.6877 28.7209 28.7526 28.7829 28.8117 28.8391 28.8650 28.8894 28.9124 28.9339 28.9539 28.9724 28.9895 29.0051 29.0191 29.0318 29.0429 29.0526 29.0607 29.0674 29.0726 29.0763 29.0786 29.0793 29.0786 29.0763 29.0726 29.0674 29.0607 29.0526 29.0429 29.0318 29.0191 29.0051 28.9895 28.9724 28.9539 28.9339 28.9124 28.8894 28.8650 28.8391 28.8117 28.7829 28.7526
28.9368 28.9732 29.0080 29.0414 29.0734 29.1038 29.1328 29.1604 29.1864 29.2110 29.2341 29.2557 29.2758 29.2945 29.3116 29.3273 29.3415 29.3542 29.3654 29.3751 29.3833 29.3901 29.3953 29.3990 29.4013 29.4020 29.4013 29.3990 29.3953 29.3901 29.3833 29.3751 29.3654 29.3542 29.3415 29.3273 29.3116 29.2945 29.2758 29.2557 29.2341 29.2110 29.1864 29.1604 29.1328 29.1038 29.0734
29.2572 29.2937 29.3288 29.3624 29.3946 29.4252 29.4544 29.4821 29.5083 29.5330 29.5562 29.5780 29.5982 29.6170 29.6343 29.6500 29.6643 29.6771 29.6884 29.6981 29.7064 29.7132 29.7184 29.7222 29.7245 29.7252 29.7245 29.7222 29.7184 29.7132 29.7064 29.6981 29.6884 29.6771 29.6643 29.6500 29.6343 29.6170 29.5982 29.5780 29.5562 29.5330 29.5083 29.4821 29.4544 29.4252 29.3946
29.5780 29.6147 29.6500 29.6839 29.7162 29.7470 29.7764 29.8042 29.8306 29.8555 29.8789 29.9007 29.9211 29.9400 29.9574 29.9732 29.9876 30.0004 30.0118 30.0216 30.0299 30.0367 30.0420 30.0458 30.0481 30.0489 30.0481 30.0458 30.0420 30.0367 30.0299 30.0216 30.0118 30.0004 29.9876 29.9732 29.9574 29.9400 29.9211 29.9007 29.8789 29.8555 29.8306 29.8042 29.7764 29.7470 29.7162
29.8992 29.9362 29.9717 30.0057 30.0383 30.0693 30.0988 30.1269 30.1534 30.1784 30.2019 30.2239 30.2444 30.2634 30.2809 30.2969 30.3113 30.3243 30.3357 30.3455 30.3539 30.3608 30.3661 30.3699 30.3722 30.3730 30.3722 30.3699 30.3661 30.3608 30.3539 30.3455 30.3357 30.3243 30.3113 30.2969 30.2809 30.2634 30.2444 30.2239 30.2019 30.1784 30.1534 30.1269 30.0988 30.0693 30.0383
30.2209 30.2581 30.2938 30.3281 30.3608 30.3920 30.4217 30.4499 30.4766 30.5018 30.5254 30.5476 30.5682 30.5873 30.6049 30.6210 30.6355 30.6485 30.6600 30.6699 30.6783 30.6852 30.6906 30.6944 30.6967 30.6975 30.6967 30.6944 30.6906 30.6852 30.6783 30.6699 30.6600 30.6485 30.6355 30.6210 30.6049 30.5873 30.5682 30.5476 30.5254 30.5018 30.4766 30.4499 30.4217 30.3920 30.3608
30.5430 30.5804 30.6164 30.6508 30.6837 30.7151 30.7450 30.7734 30.8002 30.8256 30.8494 30.8717 30.8924 30.9116 30.9293 30.9455 30.9601 30.9732 30.9847 30.9948 31.0032 31.0102 31.0155 31.0194 31.0217 31.0225 31.0217 31.0194 31.0155 31.0102 31.0032 30.9948 30.9847 30.9732 30.9601 30.9455 30.9293 30.9116 30.8924 30.8717 30.8494 30.8256 30.8002 30.7734 30.7450 30.7151 30.6837
30.8655 30.9032 30.9393 30.9740 31.0071 31.0387 31.0687 31.0973 31.1243 31.1498 31.1737 31.1962 31.2170 31.2364 31.2542 31.2704 31.2851 31.2983 31.3099 31.3200 31.3285 31.3355 31.3409 31.3448 31.3471 31.3479 31.3471 31.3448 31.3409 31.3355 31.3285 31.3200 31.3099 31.2983 31.2851 31.2704 31.2542 31.2364 31.2170 31.1962 31.1737 31.1498 31.1243 31.0973 31.0687 31.0387 31.0071
31.1884 31.2263 31.2627 31.2975 31.3308 31.3626 31.3929 31.4216 31.4488 31.4744 31.4985 31.5211 31.5421 31.5615 31.5794 31.5958 31.6106 31.6239 31.6355 31.6457 31.6543 31.6613 31.6667 31.6706 31.6730 31.6737 31.6730 31.6706 31.6667 31.6613 31.6543 31.6457 31.6355 31.6239 31.6106 31.5958 31.5794 31.5615 31.5421 31.5211 31.4985 31.4744 31.4488 31.4216 31.3929 31.3626 31.3308
31.5117 31.5499 31.5865 31.6215 31.6550 31.6870 31.7174 31.7463 31.7737 31.7995 31.8237 31.8464 31.8675 31.8871 31.9051 31.9216 31.9365 31.9498 31.9616 31.9718 31.9804 31.9874 31.9929 31.9969 31.9992 32.0000 31.9992 31.9969 31.9929 31.9874 31.9804 31.9718 31.9616 31.9498 31.9365 31.9216 31.9051 31.8871 31.8675 31.8464 31.8237 31.7995 31.7737 31.7463 31.7174 31.6870 31.6550
31.8354 31.8738 31.9106 31.9459 31.9796 32.0118 32.0424 32.0715 32.0990 32.1249 32.1493 32.1721 32.1934 32.2131 32.2312 32.2478 32.2628 32.2762 32.2880 32.2983 32.3069 32.3140 32.3196 32.3235 32.3259 32.3267 32.3259 32.3235 32.3196 32.3140 32.3069 32.2983 32.2880 32.2762 32.2628 32.2478 32.2312 32.2131 32.1934 32.1721 32.1493 32.1249 32.0990 32.0715 32.0424 32.0118 31.9796
32.1595 32.1981 32.2352 32.2706 32.3046 32.3369 32.3677 32.3970 32.4247 32.4508 32.4753 32.4983 32.5197 32.5395 32.5577 32.5743 32.5894 32.6029 32.6148 32.6251 32.6339 32.6410 32.6466 32.6506 32.6529 32.6537 32.6529 32.6506 32.6466 32.6410 32.6339 32.6251 32.6148 32.6029 32.5894 32.5743 32.5577 32.5395 32.5197 32.4983 32.4753 32.4508 32.4247 32.3970 32.3677 32.3369 32.3046
32.4840 32.5228 32.5601 32.5958 32.6299 32.6625 32.6935 32.7229 32.7507 32.7770 32.8017 32.8248 32.8463 32.8662 32.8846 32.9013 32.9165 32.9301 32.9420 32.9524 32.9612 32.9684 32.9740 32.9780 32.9804 32.9812 32.9804 32.9780 32.9740 32.9684 32.9612 32.9524 32.9420 32.9301 32.9165 32.9013 32.8846 32.8662 32.8463 32.8248 32.8017 32.7770 32.7507 32.7229 32.6935 32.6625 32.6299
32.8088 32.8479 32.8854 32.9213 32.9556 32.9884 33.0196 33.0491 33.0772 33.1036 33.1284 33.1517 33.1733 33.1934 33.2118 33.2287 33.2439 33.2576 33.2696 33.2801 33.2889 33.2962 33.3018 33.3058 33.3082 33.3090 33.3082 33.3058 33.3018 33.2962 33.2889 33.2801 33.2696 33.2576 33.2439 33.2287 33.2118 33.1934 33.1733 33.1517 33.1284 33.1036 33.0772 33.0491 33.0196 32.9884 32.9556
33.1340 33.1733 33.2110 33.2471 33.2817 33.3146 33.3460 33.3758 33.4040 33.4306 33.4555 33.4789 33.5007 33.5209 33.5395 33.5564 33.5718 33.5855 33.5976 33.6081 33.6170 33.6243 33.6300 33.6340 33.6364 33.6372 33.6364 33.6340 33.6300 33.6243 33.6170 33.6081 33.5976 33.5855 33.5718 33.5564 33.5395 33.5209 33.5007 33.4789 33.4555 33.4306 33.4040 33.3758 33.3460 33.3146 33.2817
33.4596 33.4991 33.5370 33.5734 33.6081 33.6413 33.6728 33.7028 33.7311 33.7579 33.7830 33.8065 33.8285 33.8488 33.8674 33.8845 33.8999 33.9137 33.9259 33.9365 33.9455 33.9528 33.9585 33.9626 33.9650 33.9658 33.9650 33.9626 33.9585 33.9528 33.9455 33.9365 33.9259 33.9137 33.8999 33.8845 33.8674 33.8488 33.8285 33.8065 33.7830 33.7579 33.7311 33.7028 33.6728 33.6413 33.6081
33.7855 33.8252 33.8634 33.8999 33.9349 33.9682 34.0000 34.0301 34.0587 34.0856 34.1108 34.1345 34.1566 34.1770 34.1958 34.2129 34.2285 34.2424 34.2546 34.2653 34.2743 34.2816 34.2874 34.2915 34.2939 34.2947 34.2939 34.2915 34.2874 34.2816 34.2743 34.2653 34.2546 34.2424 34.2285 34.2129 34.1958 34.1770 34.1566 34.1345 34.1108 34.0856 34.0587 34.0301 34.0000 33.9682 33.9349
34.1117 34.1517 34.1900 34.2268 34.2620 34.2956 34.3275 34.3578 34.3865 34.4136 34.4390 34.4628 34.4850 34.5055 34.5244 34.5417 34.5573 34.5713 34.5837 34.5944 34.6034 34.6108 34.6166 34.6207 34.6232 34.6240 34.6232 34.6207 34.6166 34.6108 34.6034 34.5944 34.5837 34.5713 34.5573 34.5417 34.5244 34.5055 34.4850 34.4628 34.4390 34.4136 34.3865 34.3578 34.3275 34.2956 34.2620
34.4382 34.4784 34.5170 34.5540 34.5894 34.6232 34.6553 34.6858 34.7147 34.7419 34.7675 34.7915 34.8138 34.8344 34.8535 34.8708 34.8866 34.9006 34.9130 34.9238 34.9329 34.9404 34.9462 34.9503 34.9528 34.9536 34.9528 34.9503 34.9462 34.9404 34.9329 34.9238 34.9130 34.9006 34.8866 34.8708 34.8535 34.8344 34.8138 34.7915 34.7675 34.7419 34.7147 34.6858 34.6553 34.6232 34.5894
34.7650 34.8055 34.8444 34.8816 34.9172 34.9512 34.9835 35.0142 35.0432 35.0706 35.0963 35.1204 35.1429 35.1637 35.1828 35.2003 35.2161 35.2303 35.2428 35.2536 35.2628 35.2702 35.2761 35.2803 35.2828 35.2836 35.2828 35.2803 35.2761 35.2702 35.2628 35.2536 35.2428 35.2303 35.2161 35.2003 35.1828 35.1637 35.1429 35.1204 35.0963 35.0706 35.0432 35.0142 34.9835 34.9512 34.9172
35.0922 35.1329 35.1720 35.2094 35.2452 35.2794 35.3119 35.3428 35.3720 35.3996 35.4255 35.4497 35.4723 35.4932 35.5125 35.5301 35.5460 35.5602 35.5728 35.5837 35.5929 35.6004 35.6063 35.6105 35.6130 35.6139 35.6130 35.6105 35.6063 35.6004 35.5929 35.5837 35.5728 35.5602 35.5460 35.5301 35.5125 35.4932 35.4723 35.4497 35.4255 35.3996 35.3720 35.3428 35.3119 35.2794 35.2452
35.4196 35.4606 35.4999 35.5376 35.5736 35.6080 35.6407 35.6718 35.7011 35.7289 35.7549 35.7793 35.8020 35.8231 35.8424 35.8601 35.8761 35.8905 35.9031 35.9141 35.9233 35.9309 35.9368 35.9411 35.9436 35.9444 35.9436 35.9411 35.9368 35.9309 35.9233 35.9141 35.9031 35.8905 35.8761 35.8601 35.8424 35.8231 35.8020 35.7793 35.7549 35.7289 35.7011 35.6718 35.6407 35.6080 35.5736
35.7474 35.7886 35.8281 35.8660 35.9023 35.9368 35.9698 36.0010 36.0306 36.0585 36.0847 36.1092 36.1321 36.1532 36.1727 36.1905 36.2066 36.2210 36.2338 36.2448 36.2541 36.2617 36.2677 36.2719 36.2745 36.2753 36.2745 36.2719 36.2677 36.2617 36.2541 36.2448 36.2338 36.2210 36.2066 36.1905 36.1727 36.1532 36.1321 36.1092 36.0847 36.0585 36.0306 36.0010 35.9698 35.9368 35.9023
36.0754 36.1168 36.1566 36.1947 36.2312 36.2660 36.2991 36.3305 36.3603 36.3883 36.4147 36.4394 36.4624 36.4837 36.5033 36.5212 36.5374 36.5519 36.5647 36.5758 36.5852 36.5928 36.5988 36.6031 36.6056 36.6065 36.6056 36.6031 36.5988 36.5928 36.5852 36.5758 36.5647 36.5519 36.5374 36.5212 36.5033 36.4837 36.4624 36.4394 36.4147 36.3883 36.3603 36.3305 36.2991 36.2660 36.2312
36.4036 36.4453 36.4854 36.5237 36.5604 36.5954 36.6287 36.6603 36.6903 36.7185 36.7450 36.7699 36.7930 36.8144 36.8341 36.8521 36.8684 36.8830 36.8959 36.9071 36.9165 36.9242 36.9302 36.9345 36.9371 36.9380 36.9371 36.9345 36.9302 36.9242 36.9165 36.9071 36.8959 36.8830 36.8684 36.8521 36.8341 36.8144 36.7930 36.7699 36.7450 36.7185 36.6903 36.6603 36.6287 36.5954 36.5604
36.7322 36.7741 36.8144 36.8530 36.8899 36.9251 36.9586 36.9904 37.0205 37.0489 37.0756 37.1006 37.1238 37.1454 37.1652 37.1833 37.1998 37.2144 37.2274 37.2386 37.2481 37.2559 37.2619 37.2663 37.2688 37.2697 37.2688 37.2663 37.2619 37.2559 37.2481 37.2386 37.2274 37.2144 37.1998 37.1833 37.1652 37.1454 37.1238 37.1006 37.0756 37.0489 37.0205 36.9904 36.9586 36.9251 36.8899
37.0610 37.1032 37.1437 37.1825 37.2196 37.2550 37.2887 37.3207 37.3510 37.3796 37.4064 37.4316 37.4550 37.4767 37.4966 37.5148 37.5313 37.5461 37.5591 37.5704 37.5800 37.5878 37.5939 37.5982 37.6008 37.6017 37.6008 37.5982 37.5939 37.5878 37.5800 37.5704 37.5591 37.5461 37.5313 37.5148 37.4966 37.4767 37.4550 37.4316 37.4064 37.3796 37.3510 37.3207 37.2887 37.2550 37.2196
37.3900 37.4324 37.4732 37.5122 37.5496 37.5852 37.6191 37.6513 37.6818 37.7105 37.7375 37.7628 37.7864 37.8082 37.8282 37.8466 37.8632 37.8780 37.8911 37.9025 37.9121 37.9200 37.9261 37.9305 37.9331 37.9340 37.9331 37.9305 37.9261 37.9200 37.9121 37.9025 37.8911 37.8780 37.8632 37.8466 37.8282 37.8082 37.7864 37.7628 37.7375 37.7105 37.6818 37.6513 37.6191 37.5852 37.5496
37.7192 37.7619 37.8029 37.8422 37.8798 37.9156 37.9497 37.9821 38.0128 38.0417 38.0688 38.0943 38.1180 38.1399 38.1601 38.1786 38.1953 38.2102 38.2234 38.2348 38.2445 38.2524 38.2586 38.2630 38.2656 38.2665 38.2656 38.2630 38.2586 38.2524 38.2445 38.2348 38.2234 38.2102 38.1953 38.1786 38.1601 38.1399 38.1180 38.0943 38.0688 38.0417 38.0128 37.9821 37.9497 37.9156 37.8798
38.0487 38.0917 38.1329 38.1724 38.2102 38.2463 38.2806 38.3131 38.3440 38.3731 38.4004 38.4260 38.4498 38.4719 38.4922 38.5108 38.5276 38.5426 38.5559 38.5674 38.5771 38.5851 38.5913 38.5957 38.5984 38.5992 38.5984 38.5957 38.5913 38.5851 38.5771 38.5674 38.5559 38.5426 38.5276 38.5108 38.4922 38.4719 38.4498 38.4260 38.4004 38.3731 38.3440 38.3131 38.2806 38.2463 38.2102
38.3784 38.4216 38.4631 38.5028 38.5408 38.5771 38.6116 38.6444 38.6754 38.7047 38.7322 38.7579 38.7819 38.8041 38.8246 38.8432 38.8601 38.8752 38.8886 38.9002 38.9099 38.9180 38.9242 38.9286 38.9313 38.9322 38.9313 38.9286 38.9242 38.9180 38.9099 38.9002 38.8886 38.8752 38.8601 38.8432 38.8246 38.8041 38.7819 38.7579 38.7322 38.7047 38.6754 38.6444 38.6116 38.5771 38.5408
38.7082 38.7517 38.7934 38.8334 38.8717 38.9082 38.9429 38.9759 39.0071 39.0365 39.0642 39.0901 39.1142 39.1365 39.1571 39.1759 39.1929 39.2081 39.2215 39.2332 39.2430 39.2511 39.2573 39.2618 39.2645 39.2654 39.2645 39.2618 39.2573 39.2511 39.2430 39.2332 39.2215 39.2081 39.1929 39.1759 39.1571 39.1365 39.1142 39.0901 39.0642 39.0365 39.0071 38.9759 38.9429 38.9082 38.8717
39.0383 39.0820 39.1240 39.1642 39.2027 39.2394 39.2744 39.3075 39.3389 39.3685 39.3964 39.4224 39.4467 39.4692 39.4898 39.5087 39.5258 39.5411 39.5546 39.5664 39.5763 39.5844 39.5907 39.5952 39.5979 39.5988 39.5979 39.5952 39.5907 39.5844 39.5763 39.5664 39.5546 39.5411 39.5258 39.5087 39.4898 39.4692 39.4467 39.4224 39.3964 39.3685 39.3389 39.3075 39.2744 39.2394 39.2027
39.3685 39.4125 39.4548 39.4952 39.5339 39.5709 39.6060 39.6394 39.6709 39.7007 39.7287 39.7549 39.7794 39.8020 39.8228 39.8418 39.8590 39.8744 39.8880 39.8997 39.9097 39.9179 39.9242 39.9288 39.9315 39.9324 39.9315 39.9288 39.9242 39.9179 39.9097 39.8997 39.8880 39.8744 39.8590 39.8418 39.8228 39.8020 39.7794 39.7549 39.7287 39.7007 39.6709 39.6394 39.6060 39.5709 39.5339
39.6989 39.7432 39.7857 39.8264 39.8653 39.9025 39.9378 39.9714 40.0032 40.0331 40.0613 40.0877 40.1122 40.1350 40.1559 40.1750 40.1923 40.2078 40.2215 40.2333 40.2434 40.2516 40.2580 40.2625 40.2653 40.2662 40.2653 40.2625 40.2580 40.2516 40.2434 40.2333 40.2215 40.2078 40.1923 40.1750 40.1559 40.1350 40.1122 40.0877 40.0613 40.0331 40.0032 39.9714 39.9378 39.9025 39.8653
40.0295 40.0740 40.1168 40.1577 40.1969 40.2342 40.2698 40.3036 40.3355 40.3657 40.3940 40.4205 40.4452 40.4681 40.4892 40.5084 40.5258 40.5414 40.5552 40.5671 40.5772 40.5854 40.5919 40.5965 40.5992 40.6001 40.5992 40.5965 40.5919 40.5854 40.5772 40.5671 40.5552 40.5414 40.5258 40.5084 40.4892 40.4681 40.4452 40.4205 40.3940 40.3657 40.3355 40.3036 40.2698 40.2342 40.1969
40.3602 40.4050 40.4480 40.4892 40.5286 40.5662 40.6020 40.6359 40.6681 40.6984 40.7269 40.7536 40.7784 40.8015 40.8227 40.8420 40.8595 40.8752 40.8890 40.9010 40.9112 40.9195 40.9259 40.9306 40.9333 40.9342 40.9333 40.9306 40.9259 40.9195 40.9112 40.9010 40.8890 40.8752 40.8595 40.8420 40.8227 40.8015 40.7784 40.7536 40.7269 40.6984 40.6681 40.6359 40.6020 40.5662 40.5286
40.6911 40.7361 40.7794 40.8208 40.8604 40.8982 40.9342 40.9684 41.0008 41.0313 41.0599 41.0868 41.1118 41.1349 41.1563 41.1757 41.1934 41.2091 41.2230 41.2351 41.2453 41.2537 41.2602 41.2648 41.2676 41.2685 41.2676 41.2648 41.2602 41.2537 41.2453 41.2351 41.2230 41.2091 41.1934 41.1757 41.1563 41.1349 41.1118 41.0868 41.0599 41.0313 41.0008 40.9684 40.9342 40.8982 40.8604
41.0220 41.0673 41.1109 41.1525 41.1924 41.2305 41.2667 41.3010 41.3336 41.3643 41.3931 41.4201 41.4453 41.4686 41.4900 41.5096 41.5273 41.5432 41.5572 41.5693 41.5796 41.5880 41.5945 41.5992 41.6020 41.6030 41.6020 41.5992 41.5945 41.5880 41.5796 41.5693 41.5572 41.5432 41.5273 41.5096 41.4900 41.4686 41.4453 41.4201 41.3931 41.3643 41.3336 41.3010 41.2667 41.2305 41.1924
41.3531 41.3987 41.4425 41.4844 41.5245 41.5628 41.5992 41.6338 41.6665 41.6974 41.7264 41.7536 41.7789 41.8023 41.8239 41.8436 41.8614 41.8774 41.8915 41.9037 41.9140 41.9225 41.9290 41.9338 41.9366 41.9375 41.9366 41.9338 41.9290 41.9225 41.9140 41.9037 41.8915 41.8774 41.8614 41.8436 41.8239 41.8023 41.7789 41.7536 41.7264 41.6974 41.6665 41.6338 41.5992 41.5628 41.5245
41.6843 41.7302 41.7742 41.8164 41.8567 41.8952 41.9319 41.9666 41.9996 42.0306 42.0598 42.0872 42.1126 42.1362 42.1579 42.1777 42.1956 42.2117 42.2259 42.2382 42.2486 42.2571 42.2637 42.2684 42.2712 42.2722 42.2712 42.2684 42.2637 42.2571 42.2486 42.2382 42.2259 42.2117 42.1956 42.1777 42.1579 42.1362 42.1126 42.0872 42.0598 42.0306 41.9996 41.9666 41.9319 41.8952 41.8567
42.0156 42.0617 42.1060 42.1485 42.1890 42.2278 42.2646 42.2996 42.3327 42.3640 42.3934 42.4208 42.4465 42.4702 42.4920 42.5119 42.5300 42.5461 42.5604 42.5728 42.5832 42.5918 42.5984 42.6032 42.6060 42.6070 42.6060 42.6032 42.5984 42.5918 42.5832 42.5728 42.5604 42.5461 42.5300 42.5119 42.4920 42.4702 42.4465 42.4208 42.3934 42.3640 42.3327 42.2996 42.2646 42.2278 42.1890
42.3469 42.3934 42.4379 42.4806 42.5214 42.5604 42.5975 42.6327 42.6660 42.6974 42.7270 42.7546 42.7804 42.8042 42.8262 42.8463 42.8644 42.8807 42.8950 42.9074 42.9180 42.9266 42.9333 42.9381 42.9409 42.9419 42.9409 42.9381 42.9333 42.9266 42.9180 42.9074 42.8950 42.8807 42.8644 42.8463 42.8262 42.8042 42.7804 42.7546 42.7270 42.6974 42.6660 42.6327 42.5975 42.5604 42.5214
