109.8246 110.1494 110.4746 110.8000 111.1256 111.4514 111.7775 112.1038 112.4303 112.7570 113.0838 113.4108 113.7380 114.0652 114.3927 114.7202 115.0479 115.3757 115.7035 116.0314 116.3594 116.6875 117.0156 117.3437 117.6718 118.0000 118.3282 118.6563 118.9844 119.3125 119.6406 119.9686 120.2965 120.6243 120.9521 121.2798 121.6073 121.9348 122.2620 122.5892 122.9162 123.2430 123.5697 123.8962 124.2225 124.5486 124.8744
109.7911 110.1173 110.4438 110.7705 111.0974 111.4246 111.7520 112.0797 112.4074 112.7354 113.0636 113.3920 113.7205 114.0491 114.3779 114.7068 115.0358 115.3649 115.6941 116.0233 116.3527 116.6821 117.0115 117.3410 117.6705 118.0000 118.3295 118.6590 118.9885 119.3179 119.6473 119.9767 120.3059 120.6351 120.9642 121.2932 121.6221 121.9509 122.2795 122.6080 122.9364 123.2646 123.5926 123.9203 124.2480 124.5754 124.9026
109.7574 110.0850 110.4128 110.7408 111.0691 111.3976 111.7263 112.0553 112.3844 112.7137 113.0433 113.3730 113.7028 114.0328 114.3629 114.6932 115.0235 115.3540 115.6845 116.0152 116.3459 116.6766 117.0074 117.3383 117.6691 118.0000 118.3309 118.6617 118.9926 119.3234 119.6541 119.9848 120.3155 120.6460 120.9765 121.3068 121.6371 121.9672 122.2972 122.6270 122.9567 123.2863 123.6156 123.9447 124.2737 124.6024 124.9309
109.7235 110.0523 110.3815 110.7108 111.0405 111.3703 111.7004 112.0307 112.3612 112.6919 113.0228 113.3538 113.6850 114.0164 114.3478 114.6794 115.0112 115.3430 115.6749 116.0070 116.3390 116.6711 117.0033 117.3355 117.6678 118.0000 118.3322 118.6645 118.9967 119.3289 119.6610 119.9930 120.3251 120.6570 120.9888 121.3206 121.6522 121.9836 122.3150 122.6462 122.9772 123.3081 123.6388 123.9693 124.2996 124.6297 124.9595
109.6893 110.0194 110.3499 110.6806 111.0116 111.3428 111.6743 112.0059 112.3378 112.6698 113.0021 113.3345 113.6671 113.9998 114.3326 114.6656 114.9987 115.3320 115.6653 115.9987 116.3321 116.6656 116.9992 117.3328 117.6664 118.0000 118.3336 118.6672 119.0008 119.3344 119.6679 120.0013 120.3347 120.6680 121.0013 121.3344 121.6674 122.0002 122.3329 122.6655 122.9979 123.3302 123.6622 123.9941 124.3257 124.6572 124.9884
109.6547 109.9863 110.3181 110.6502 110.9825 111.3151 111.6479 111.9809 112.3141 112.6476 112.9812 113.3150 113.6490 113.9831 114.3173 114.6517 114.9862 115.3208 115.6555 115.9903 116.3251 116.6600 116.9950 117.3300 117.6650 118.0000 118.3350 118.6700 119.0050 119.3400 119.6749 120.0097 120.3445 120.6792 121.0138 121.3483 121.6827 122.0169 122.3510 122.6850 123.0188 123.3524 123.6859 124.0191 124.3521 124.6849 125.0175
109.6199 109.9528 110.2860 110.6194 110.9532 111.2871 111.6213 111.9557 112.2903 112.6252 112.9602 113.2954 113.6307 113.9662 114.3019 114.6377 114.9735 115.3096 115.6457 115.9818 116.3181 116.6544 116.9908 117.3271 117.6636 118.0000 118.3364 118.6729 119.0092 119.3456 119.6819 120.0182 120.3543 120.6904 121.0265 121.3623 121.6981 122.0338 122.3693 122.7046 123.0398 123.3748 123.7097 124.0443 124.3787 124.7129 125.0468
109.5848 109.9191 110.2537 110.5885 110.9236 111.2589 111.5945 111.9303 112.2664 112.6026 112.9390 113.2756 113.6123 113.9492 114.2863 114.6235 114.9608 115.2982 115.6357 115.9733 116.3110 116.6487 116.9865 117.3243 117.6621 118.0000 118.3379 118.6757 119.0135 119.3513 119.6890 120.0267 120.3643 120.7018 121.0392 121.3765 121.7137 122.0508 122.3877 122.7244 123.0610 123.3974 123.7336 124.0697 124.4055 124.7411 125.0764
109.5494 109.8851 110.2210 110.5573 110.8938 111.2305 111.5675 111.9047 112.2421 112.5798 112.9176 113.2556 113.5938 113.9321 114.2706 114.6092 114.9479 115.2868 115.6257 115.9647 116.3038 116.6430 116.9822 117.3214 117.6607 118.0000 118.3393 118.6786 119.0178 119.3570 119.6962 120.0353 120.3743 120.7132 121.0521 121.3908 121.7294 122.0679 122.4062 122.7444 123.0824 123.4202 123.7579 124.0953 124.4325 124.7695 125.1062
109.5137 109.8508 110.1882 110.5258 110.8637 111.2018 111.5402 111.8788 112.2177 112.5568 112.8960 113.2354 113.5751 113.9148 114.2547 114.5948 114.9349 115.2752 115.6156 115.9561 116.2966 116.6372 116.9779 117.3186 117.6593 118.0000 118.3407 118.6814 119.0221 119.3628 119.7034 120.0439 120.3844 120.7248 121.0651 121.4052 121.7453 122.0852 122.4249 122.7646 123.1040 123.4432 123.7823 124.1212 124.4598 124.7982 125.1363
109.4778 109.8162 110.1550 110.4940 110.8333 111.1729 111.5128 111.8528 112.1931 112.5336 112.8743 113.2151 113.5562 113.8974 114.2388 114.5803 114.9219 115.2636 115.6054 115.9474 116.2893 116.6314 116.9735 117.3156 117.6578 118.0000 118.3422 118.6844 119.0265 119.3686 119.7107 120.0526 120.3946 120.7364 121.0781 121.4197 121.7612 122.1026 122.4438 122.7849 123.1257 123.4664 123.8069 124.1472 124.4872 124.8271 125.1667
109.4414 109.7813 110.1215 110.4620 110.8028 111.1438 111.4850 111.8265 112.1682 112.5102 112.8523 113.1946 113.5372 113.8798 114.2226 114.5656 114.9087 115.2519 115.5952 115.9385 116.2820 116.6255 116.9691 117.3127 117.6563 118.0000 118.3437 118.6873 119.0309 119.3745 119.7180 120.0615 120.4048 120.7481 121.0913 121.4344 121.7774 122.1202 122.4628 122.8054 123.1477 123.4898 123.8318 124.1735 124.5150 124.8562 125.1972
109.4048 109.7462 110.0878 110.4297 110.7719 111.1144 111.4571 111.8000 112.1432 112.4866 112.8302 113.1740 113.5179 113.8621 114.2064 114.5508 114.8954 115.2400 115.5848 115.9297 116.2746 116.6196 116.9647 117.3098 117.6549 118.0000 118.3451 118.6902 119.0353 119.3804 119.7254 120.0703 120.4152 120.7600 121.1046 121.4492 121.7936 122.1379 122.4821 122.8260 123.1698 123.5134 123.8568 124.2000 124.5429 124.8856 125.2281
109.3679 109.7107 110.0538 110.3971 110.7408 111.0847 111.4289 111.7733 112.1180 112.4628 112.8079 113.1531 113.4986 113.8442 114.1900 114.5359 114.8819 115.2281 115.5743 115.9207 116.2672 116.6136 116.9602 117.3068 117.6534 118.0000 118.3466 118.6932 119.0398 119.3864 119.7328 120.0793 120.4257 120.7719 121.1181 121.4641 121.8100 122.1558 122.5014 122.8469 123.1921 123.5372 123.8820 124.2267 124.5711 124.9153 125.2592
109.3307 109.6749 110.0194 110.3643 110.7094 111.0548 111.4005 111.7463 112.0925 112.4388 112.7854 113.1321 113.4791 113.8262 114.1734 114.5208 114.8684 115.2161 115.5638 115.9117 116.2596 116.6076 116.9557 117.3037 117.6519 118.0000 118.3481 118.6963 119.0443 119.3924 119.7404 120.0883 120.4362 120.7839 121.1316 121.4792 121.8266 122.1738 122.5209 122.8679 123.2146 123.5612 123.9075 124.2537 124.5995 124.9452 125.2906
109.2931 109.6388 109.9848 110.3311 110.6777 111.0246 111.3717 111.7191 112.0668 112.4146 112.7627 113.1109 113.4594 113.8080 114.1567 114.5057 114.8547 115.2039 115.5532 115.9026 116.2520 116.6015 116.9511 117.3007 117.6503 118.0000 118.3497 118.6993 119.0489 119.3985 119.7480 120.0974 120.4468 120.7961 121.1453 121.4943 121.8433 122.1920 122.5406 122.8891 123.2373 123.5854 123.9332 124.2809 124.6283 124.9754 125.3223
109.2552 109.6024 109.9499 110.2977 110.6458 110.9942 111.3428 111.6917 112.0408 112.3902 112.7397 113.0895 113.4395 113.7896 114.1399 114.4904 114.8409 115.1917 115.5424 115.8934 116.2443 116.5954 116.9465 117.2976 117.6488 118.0000 118.3512 118.7024 119.0535 119.4046 119.7557 120.1066 120.4576 120.8083 121.1591 121.5096 121.8601 122.2104 122.5605 122.9105 123.2603 123.6098 123.9592 124.3083 124.6572 125.0058 125.3542
109.2170 109.5657 109.9147 110.2640 110.6136 110.9635 111.3136 111.6640 112.0147 112.3655 112.7166 113.0680 113.4194 113.7711 114.1230 114.4749 114.8270 115.1793 115.5316 115.8841 116.2366 116.5892 116.9419 117.2946 117.6473 118.0000 118.3527 118.7054 119.0581 119.4108 119.7634 120.1159 120.4684 120.8207 121.1730 121.5251 121.8770 122.2289 122.5806 122.9320 123.2834 123.6345 123.9853 124.3360 124.6864 125.0365 125.3864
109.1785 109.5287 109.8792 110.2300 110.5811 110.9325 111.2842 111.6361 111.9883 112.3407 112.6934 113.0462 113.3992 113.7524 114.1058 114.4594 114.8130 115.1668 115.5207 115.8747 116.2288 116.5829 116.9372 117.2914 117.6457 118.0000 118.3543 118.7086 119.0628 119.4171 119.7712 120.1253 120.4793 120.8332 121.1870 121.5406 121.8942 122.2476 122.6008 122.9538 123.3066 123.6593 124.0117 124.3639 124.7158 125.0675 125.4189
109.1396 109.4913 109.8433 110.1956 110.5483 110.9012 111.2545 111.6079 111.9617 112.3156 112.6698 113.0242 113.3788 113.7336 114.0885 114.4436 114.7989 115.1542 115.5097 115.8653 116.2209 116.5767 116.9324 117.2883 117.6441 118.0000 118.3559 118.7117 119.0676 119.4233 119.7791 120.1347 120.4903 120.8458 121.2011 121.5564 121.9115 122.2664 122.6212 122.9758 123.3302 123.6844 124.0383 124.3921 124.7455 125.0988 125.4517
109.1003 109.4536 109.8071 110.1610 110.5152 110.8697 111.2245 111.5795 111.9348 112.2903 112.6461 113.0021 113.3582 113.7146 114.0711 114.4278 114.7846 115.1415 115.4986 115.8558 116.2130 116.5703 116.9277 117.2851 117.6425 118.0000 118.3575 118.7149 119.0723 119.4297 119.7870 120.1442 120.5014 120.8585 121.2154 121.5722 121.9289 122.2854 122.6418 122.9979 123.3539 123.7097 124.0652 124.4205 124.7755 125.1303 125.4848
109.0608 109.4155 109.7707 110.1261 110.4819 110.8379 111.1942 111.5508 111.9077 112.2648 112.6222 112.9797 113.3375 113.6954 114.0535 114.4118 114.7702 115.1287 115.4874 115.8461 116.2050 116.5639 116.9229 117.2819 117.6409 118.0000 118.3591 118.7181 119.0771 119.4361 119.7950 120.1539 120.5126 120.8713 121.2298 121.5882 121.9465 122.3046 122.6625 123.0203 123.3778 123.7352 124.0923 124.4492 124.8058 125.1621 125.5181
109.0208 109.3772 109.7339 110.0909 110.4482 110.8058 111.1638 111.5219 111.8804 112.2391 112.5980 112.9572 113.3165 113.6761 114.0358 114.3956 114.7557 115.1158 115.4761 115.8365 116.1969 116.5574 116.9180 117.2787 117.6393 118.0000 118.3607 118.7213 119.0820 119.4426 119.8031 120.1635 120.5239 120.8842 121.2443 121.6044 121.9642 122.3239 122.6835 123.0428 123.4020 123.7609 124.1196 124.4781 124.8362 125.1942 125.5518
108.9805 109.3385 109.6967 110.0553 110.4142 110.7734 111.1330 111.4927 111.8528 112.2131 112.5736 112.9344 113.2953 113.6565 114.0179 114.3793 114.7410 115.1028 115.4647 115.8267 116.1888 116.5509 116.9131 117.2754 117.6377 118.0000 118.3623 118.7246 119.0869 119.4491 119.8112 120.1733 120.5353 120.8972 121.2590 121.6207 121.9821 122.3435 122.7047 123.0656 123.4264 123.7869 124.1472 124.5073 124.8670 125.2266 125.5858
108.9399 109.2994 109.6592 110.0194 110.3799 110.7408 111.1019 111.4633 111.8250 112.1869 112.5491 112.9114 113.2740 113.6368 113.9998 114.3629 114.7262 115.0896 115.4532 115.8168 116.1805 116.5443 116.9082 117.2721 117.6360 118.0000 118.3640 118.7279 119.0918 119.4557 119.8195 120.1832 120.5468 120.9104 121.2738 121.6371 122.0002 122.3632 122.7260 123.0886 123.4509 123.8131 124.1750 124.5367 124.8981 125.2592 125.6201
108.8989 109.2600 109.6215 109.9832 110.3454 110.7078 111.0706 111.4336 111.7969 112.1605 112.5242 112.8883 113.2525 113.6169 113.9816 114.3463 114.7113 115.0763 115.4415 115.8068 116.1722 116.5377 116.9032 117.2688 117.6344 118.0000 118.3656 118.7312 119.0968 119.4623 119.8278 120.1932 120.5585 120.9237 121.2887 121.6537 122.0184 122.3831 122.7475 123.1117 123.4758 123.8395 124.2031 124.5664 124.9294 125.2922 125.6546
108.8575 109.2202 109.5833 109.9467 110.3105 110.6746 111.0389 111.4036 111.7686 112.1338 112.4992 112.8649 113.2308 113.5969 113.9631 114.3296 114.6962 115.0629 115.4298 115.7968 116.1638 116.5310 116.8982 117.2654 117.6327 118.0000 118.3673 118.7346 119.1018 119.4690 119.8362 120.2032 120.5702 120.9371 121.3038 121.6704 122.0369 122.4031 122.7692 123.1351 123.5008 123.8662 124.2314 124.5964 124.9611 125.3254 125.6895
108.8157 109.1801 109.5448 109.9099 110.2753 110.6410 111.0070 111.3734 111.7400 112.1068 112.4739 112.8413 113.2089 113.5766 113.9446 114.3127 114.6810 115.0494 115.4180 115.7866 116.1554 116.5242 116.8931 117.2620 117.6310 118.0000 118.3690 118.7380 119.1069 119.4758 119.8446 120.2134 120.5820 120.9506 121.3190 121.6873 122.0554 122.4234 122.7911 123.1587 123.5261 123.8932 124.2600 124.6266 124.9930 125.3590 125.7247
108.7736 109.1396 109.5059 109.8727 110.2397 110.6071 110.9748 111.3428 111.7111 112.0797 112.4484 112.8175 113.1867 113.5562 113.9258 114.2957 114.6656 115.0358 115.4060 115.7764 116.1469 116.5174 116.8880 117.2586 117.6293 118.0000 118.3707 118.7414 119.1120 119.4826 119.8531 120.2236 120.5940 120.9642 121.3344 121.7043 122.0742 122.4438 122.8133 123.1825 123.5516 123.9203 124.2889 124.6572 125.0252 125.3929 125.7603
108.7310 109.0987 109.4667 109.8351 110.2039 110.5729 110.9423 111.3120 111.6819 112.0522 112.4227 112.7934 113.1644 113.5356 113.9069 114.2784 114.6501 115.0220 115.3940 115.7661 116.1382 116.5105 116.8828 117.2552 117.6276 118.0000 118.3724 118.7448 119.1172 119.4895 119.8618 120.2339 120.6060 120.9780 121.3499 121.7216 122.0931 122.4644 122.8356 123.2066 123.5773 123.9478 124.3181 124.6880 125.0577 125.4271 125.7961
108.6881 109.0574 109.4272 109.7972 110.1677 110.5384 110.9095 111.2809 111.6526 112.0245 112.3967 112.7692 113.1418 113.5147 113.8878 114.2611 114.6345 115.0081 115.3818 115.7556 116.1295 116.5035 116.8776 117.2517 117.6259 118.0000 118.3741 118.7483 119.1224 119.4965 119.8705 120.2444 120.6182 120.9919 121.3655 121.7389 122.1122 122.4853 122.8582 123.2308 123.6033 123.9755 124.3474 124.7191 125.0905 125.4616 125.8323
108.6448 109.0158 109.3872 109.7590 110.1311 110.5036 110.8764 111.2495 111.6229 111.9966 112.3705 112.7447 113.1191 113.4937 113.8686 114.2436 114.6187 114.9940 115.3695 115.7451 116.1207 116.4965 116.8723 117.2482 117.6241 118.0000 118.3759 118.7518 119.1277 119.5035 119.8793 120.2549 120.6305 121.0060 121.3813 121.7564 122.1314 122.5063 122.8809 123.2553 123.6295 124.0034 124.3771 124.7505 125.1236 125.4964 125.8689
108.6011 108.9738 109.3469 109.7204 110.0942 110.4684 110.8430 111.2178 111.5929 111.9684 112.3440 112.7200 113.0961 113.4725 113.8491 114.2259 114.6028 114.9799 115.3571 115.7344 116.1119 116.4894 116.8670 117.2446 117.6223 118.0000 118.3777 118.7554 119.1330 119.5106 119.8881 120.2656 120.6429 121.0201 121.3972 121.7741 122.1509 122.5275 122.9039 123.2800 123.6560 124.0316 124.4071 124.7822 125.1570 125.5316 125.9058
108.5569 108.9314 109.3062 109.6814 110.0570 110.4330 110.8092 111.1858 111.5627 111.9399 112.3173 112.6950 113.0729 113.4511 113.8295 114.2080 114.5867 114.9656 115.3446 115.7237 116.1029 116.4822 116.8616 117.2411 117.6205 118.0000 118.3795 118.7589 119.1384 119.5178 119.8971 120.2763 120.6554 121.0344 121.4133 121.7920 122.1705 122.5489 122.9271 123.3050 123.6827 124.0601 124.4373 124.8142 125.1908 125.5670 125.9430
108.5124 108.8885 109.2651 109.6421 110.0194 110.3971 110.7751 111.1535 111.5322 111.9111 112.2903 112.6698 113.0496 113.4295 113.8096 114.1900 114.5705 114.9512 115.3320 115.7129 116.0939 116.4750 116.8562 117.2374 117.6187 118.0000 118.3813 118.7626 119.1438 119.5250 119.9061 120.2871 120.6680 121.0488 121.4295 121.8100 122.1904 122.5705 122.9504 123.3302 123.7097 124.0889 124.4678 124.8465 125.2249 125.6029 125.9806
108.4674 108.8453 109.2237 109.6024 109.9815 110.3610 110.7408 111.1209 111.5013 111.8821 112.2631 112.6444 113.0259 113.4077 113.7896 114.1718 114.5541 114.9366 115.3192 115.7019 116.0848 116.4677 116.8507 117.2338 117.6169 118.0000 118.3831 118.7662 119.1493 119.5323 119.9152 120.2981 120.6808 121.0634 121.4459 121.8282 122.2104 122.5923 122.9741 123.3556 123.7369 124.1179 124.4987 124.8791 125.2592 125.6390 126.0185
108.4220 108.8017 109.1818 109.5623 109.9432 110.3245 110.7061 111.0880 111.4702 111.8528 112.2356 112.6187 113.0021 113.3856 113.7694 114.1534 114.5375 114.9219 115.3063 115.6909 116.0756 116.4604 116.8452 117.2301 117.6151 118.0000 118.3849 118.7699 119.1548 119.5396 119.9244 120.3091 120.6937 121.0781 121.4625 121.8466 122.2306 122.6144 122.9979 123.3813 123.7644 124.1472 124.5298 124.9120 125.2939 125.6755 126.0568
108.3762 108.7577 109.1396 109.5219 109.9045 110.2876 110.6710 111.0548 111.4388 111.8232 112.2079 112.5928 112.9780 113.3634 113.7490 114.1348 114.5208 114.9070 115.2933 115.6797 116.0663 116.4529 116.8396 117.2264 117.6132 118.0000 118.3868 118.7736 119.1604 119.5471 119.9337 120.3203 120.7067 121.0930 121.4792 121.8652 122.2510 122.6366 123.0220 123.4072 123.7921 124.1768 124.5612 124.9452 125.3290 125.7124 126.0955
108.3300 108.7132 109.0969 109.4810 109.8655 110.2504 110.6357 111.0212 111.4071 111.7934 112.1799 112.5667 112.9537 113.3409 113.7284 114.1161 114.5040 114.8920 115.2802 115.6685 116.0569 116.4454 116.8340 117.2226 117.6113 118.0000 118.3887 118.7774 119.1660 119.5546 119.9431 120.3315 120.7198 121.1080 121.4960 121.8839 122.2716 122.6591 123.0463 123.4333 123.8201 124.2066 124.5929 124.9788 125.3643 125.7496 126.1345
108.2832 108.6683 109.0538 109.4398 109.8261 110.2128 110.5999 110.9874 111.3751 111.7632 112.1516 112.5402 112.9291 113.3183 113.7076 114.0972 114.4869 114.8769 115.2669 115.6571 116.0474 116.4378 116.8283 117.2188 117.6094 118.0000 118.3906 118.7812 119.1717 119.5622 119.9526 120.3429 120.7331 121.1231 121.5131 121.9028 122.2924 122.6817 123.0709 123.4598 123.8484 124.2368 124.6249 125.0126 125.4001 125.7872 126.1739
108.2361 108.6230 109.0104 109.3981 109.7863 110.1749 110.5639 110.9532 111.3428 111.7328 112.1230 112.5135 112.9043 113.2953 113.6866 114.0781 114.4698 114.8616 115.2535 115.6457 116.0379 116.4302 116.8226 117.2150 117.6075 118.0000 118.3925 118.7850 119.1774 119.5698 119.9621 120.3543 120.7465 121.1384 121.5302 121.9219 122.3134 122.7047 123.0957 123.4865 123.8770 124.2672 124.6572 125.0468 125.4361 125.8251 126.2137
108.1884 108.5772 108.9664 109.3561 109.7462 110.1366 110.5274 110.9186 111.3102 111.7020 112.0942 112.4866 112.8793 113.2722 113.6654 114.0588 114.4524 114.8461 115.2400 115.6341 116.0282 116.4225 116.8168 117.2112 117.6056 118.0000 118.3944 118.7888 119.1832 119.5775 119.9718 120.3659 120.7600 121.1539 121.5476 121.9412 122.3346 122.7278 123.1207 123.5134 123.9058 124.2980 124.6898 125.0814 125.4726 125.8634 126.2538
108.1404 108.5310 108.9221 109.3136 109.7056 110.0979 110.4907 110.8838 111.2772 111.6710 112.0650 112.4594 112.8540 113.2489 113.6440 114.0393 114.4348 114.8305 115.2264 115.6223 116.0184 116.4146 116.8109 117.2072 117.6036 118.0000 118.3964 118.7928 119.1891 119.5854 119.9816 120.3777 120.7736 121.1695 121.5652 121.9607 122.3560 122.7511 123.1460 123.5406 123.9350 124.3290 124.7228 125.1162 125.5093 125.9021 126.2944
108.0918 108.4843 108.8773 109.2708 109.6646 110.0589 110.4535 110.8485 111.2439 111.6396 112.0356 112.4319 112.8285 113.2253 113.6224 114.0197 114.4171 114.8148 115.2126 115.6105 116.0086 116.4068 116.8050 117.2033 117.6016 118.0000 118.3984 118.7967 119.1950 119.5932 119.9914 120.3895 120.7874 121.1852 121.5829 121.9803 122.3776 122.7747 123.1715 123.5681 123.9644 124.3604 124.7561 125.1515 125.5465 125.9411 126.3354
108.0428 108.4372 108.8321 109.2275 109.6232 110.0194 110.4160 110.8130 111.2103 111.6079 112.0059 112.4042 112.8027 113.2015 113.6005 113.9998 114.3992 114.7989 115.1987 115.5986 115.9987 116.3988 116.7990 117.1993 117.5996 118.0000 118.4004 118.8007 119.2010 119.6012 120.0013 120.4014 120.8013 121.2011 121.6008 122.0002 122.3995 122.7985 123.1973 123.5958 123.9941 124.3921 124.7897 125.1870 125.5840 125.9806 126.3768
107.9933 108.3896 108.7864 109.1837 109.5815 109.9796 110.3781 110.7770 111.1763 111.5760 111.9759 112.3761 112.7767 113.1774 113.5785 113.9797 114.3812 114.7828 115.1846 115.5865 115.9886 116.3907 116.7930 117.1953 117.5976 118.0000 118.4024 118.8047 119.2070 119.6093 120.0114 120.4135 120.8154 121.2172 121.6188 122.0203 122.4215 122.8226 123.2233 123.6239 124.0241 124.4240 124.8237 125.2230 125.6219 126.0204 126.4185
107.9432 108.3416 108.7403 109.1396 109.5392 109.9394 110.3399 110.7408 111.1420 111.5436 111.9456 112.3478 112.7504 113.1531 113.5562 113.9594 114.3629 114.7666 115.1704 115.5743 115.9785 116.3826 116.7869 117.1912 117.5956 118.0000 118.4044 118.8088 119.2131 119.6174 120.0215 120.4257 120.8296 121.2334 121.6371 122.0406 122.4438 122.8469 123.2496 123.6522 124.0544 124.4564 124.8580 125.2592 125.6601 126.0606 126.4608
107.8927 108.2930 108.6938 109.0950 109.4966 109.8987 110.3012 110.7041 111.1074 111.5110 111.9150 112.3192 112.7238 113.1286 113.5337 113.9390 114.3445 114.7502 115.1560 115.5620 115.9682 116.3744 116.7807 117.1871 117.5936 118.0000 118.4064 118.8129 119.2193 119.6256 120.0318 120.4380 120.8440 121.2498 121.6555 122.0610 122.4663 122.8714 123.2762 123.6808 124.0850 124.4890 124.8926 125.2959 125.6988 126.1013 126.5034
107.8417 108.2440 108.6467 109.0499 109.4536 109.8577 110.2622 110.6671 111.0724 111.4781 111.8840 112.2903 112.6969 113.1038 113.5109 113.9183 114.3259 114.7336 115.1415 115.5496 115.9578 116.3661 116.7745 117.1830 117.5915 118.0000 118.4085 118.8170 119.2255 119.6339 120.0422 120.4504 120.8585 121.2664 121.6741 122.0817 122.4891 122.8962 123.3031 123.7097 124.1160 124.5219 124.9276 125.3329 125.7378 126.1423 126.5464
107.7902 108.1944 108.5992 109.0044 109.4101 109.8162 110.2228 110.6297 111.0370 111.4448 111.8528 112.2612 112.6698 113.0788 113.4880 113.8974 114.3070 114.7169 115.1269 115.5370 115.9474 116.3578 116.7682 117.1788 117.5894 118.0000 118.4106 118.8212 119.2318 119.6422 120.0526 120.4630 120.8731 121.2831 121.6930 122.1026 122.5120 122.9212 123.3302 123.7388 124.1472 124.5552 124.9630 125.3703 125.7772 126.1838 126.5899
107.7381 108.1444 108.5511 108.9584 109.3661 109.7743 110.1829 110.5919 111.0013 111.4111 111.8212 112.2317 112.6424 113.0535 113.4648 113.8763 114.2880 114.7000 115.1121 115.5244 115.9368 116.3493 116.7619 117.1746 117.5873 118.0000 118.4127 118.8254 119.2381 119.6507 120.0632 120.4756 120.8879 121.3000 121.7120 122.1237 122.5352 122.9465 123.3576 123.7683 124.1788 124.5889 124.9987 125.4081 125.8171 126.2257 126.6339
107.6855 108.0938 108.5027 108.9120 109.3217 109.7320 110.1427 110.5538 110.9653 111.3771 111.7894 112.2019 112.6147 113.0279 113.4413 113.8549 114.2688 114.6829 115.0971 115.5115 115.9261 116.3407 116.7555 117.1703 117.5851 118.0000 118.4149 118.8297 119.2445 119.6593 120.0739 120.4885 120.9029 121.3171 121.7312 122.1451 122.5587 122.9721 123.3853 123.7981 124.2106 124.6229 125.0347 125.4462 125.8573 126.2680 126.6783
107.6324 108.0428 108.4537 108.8651 109.2769 109.6892 110.1020 110.5152 110.9288 111.3428 111.7571 112.1718 112.5868 113.0021 113.4176 113.8334 114.2494 114.6656 115.0820 115.4986 115.9153 116.3321 116.7490 117.1660 117.5830 118.0000 118.4170 118.8340 119.2510 119.6679 120.0847 120.5014 120.9180 121.3344 121.7506 122.1666 122.5824 122.9979 123.4132 123.8282 124.2429 124.6572 125.0712 125.4848 125.8980 126.3108 126.7231
107.5787 107.9912 108.4041 108.8176 109.2316 109.6461 110.0609 110.4763 110.8920 111.3081 111.7246 112.1414 112.5585 112.9760 113.3937 113.8116 114.2298 114.6482 115.0668 115.4855 115.9044 116.3234 116.7424 117.1616 117.5808 118.0000 118.4192 118.8384 119.2576 119.6766 120.0956 120.5145 120.9332 121.3518 121.7702 122.1884 122.6063 123.0240 123.4415 123.8586 124.2754 124.6919 125.1080 125.5237 125.9391 126.3539 126.7684
107.5245 107.9391 108.3541 108.7697 109.1858 109.6024 110.0194 110.4369 110.8548 111.2731 111.6917 112.1107 112.5300 112.9496 113.3695 113.7896 114.2100 114.6306 115.0514 115.4723 115.8934 116.3145 116.7358 117.1572 117.5786 118.0000 118.4214 118.8428 119.2642 119.6855 120.1066 120.5277 120.9486 121.3694 121.7900 122.2104 122.6305 123.0504 123.4700 123.8893 124.3083 124.7269 125.1452 125.5631 125.9806 126.3976 126.8142
107.4697 107.8864 108.3036 108.7213 109.1396 109.5583 109.9775 110.3971 110.8172 111.2376 111.6584 112.0796 112.5011 112.9229 113.3450 113.7674 114.1900 114.6128 115.0358 115.4589 115.8822 116.3056 116.7291 117.1527 117.5764 118.0000 118.4236 118.8473 119.2709 119.6944 120.1178 120.5411 120.9642 121.3872 121.8100 122.2326 122.6550 123.0771 123.4989 123.9204 124.3416 124.7624 125.1828 125.6029 126.0225 126.4417 126.8604
107.4144 107.8332 108.2525 108.6724 109.0928 109.5137 109.9351 110.3569 110.7792 111.2018 111.6249 112.0482 112.4720 112.8960 113.3203 113.7449 114.1697 114.5948 115.0200 115.4454 115.8710 116.2966 116.7224 117.1482 117.5741 118.0000 118.4259 118.8518 119.2776 119.7034 120.1290 120.5546 120.9800 121.4052 121.8303 122.2551 122.6797 123.1040 123.5280 123.9518 124.3751 124.7982 125.2208 125.6431 126.0649 126.4863 126.9072
107.3584 107.7794 108.2009 108.6230 109.0456 109.4687 109.8923 110.3163 110.7408 111.1656 111.5909 112.0165 112.4425 112.8688 113.2953 113.7222 114.1493 114.5766 115.0041 115.4318 115.8596 116.2875 116.7155 117.1437 117.5718 118.0000 118.4282 118.8563 119.2845 119.7125 120.1404 120.5682 120.9959 121.4234 121.8507 122.2778 122.7047 123.1312 123.5575 123.9835 124.4091 124.8344 125.2592 125.6837 126.1077 126.5313 126.9544
107.3019 107.7250 108.1487 108.5730 108.9979 109.4232 109.8490 110.2753 110.7020 111.1291 111.5566 111.9845 112.4127 112.8413 113.2701 113.6992 114.1286 114.5582 114.9880 115.4180 115.8481 116.2783 116.7086 117.1390 117.5695 118.0000 118.4305 118.8610 119.2914 119.7217 120.1519 120.5820 121.0120 121.4418 121.8714 122.3008 122.7299 123.1587 123.5873 124.0155 124.4434 124.8709 125.2980 125.7247 126.1510 126.5768 127.0021
107.2448 107.6701 108.0960 108.5226 108.9496 109.3772 109.8052 110.2338 110.6627 111.0921 111.5219 111.9521 112.3826 112.8135 113.2446 113.6761 114.1077 114.5396 114.9717 115.4040 115.8365 116.2690 116.7017 117.1344 117.5672 118.0000 118.4328 118.8656 119.2983 119.7310 120.1635 120.5960 121.0283 121.4604 121.8923 122.3239 122.7554 123.1865 123.6174 124.0479 124.4781 124.9079 125.3373 125.7662 126.1948 126.6228 127.0504
107.1870 107.6146 108.0428 108.4715 108.9008 109.3307 109.7610 110.1918 110.6231 111.0548 111.4869 111.9194 112.3522 112.7854 113.2188 113.6526 114.0866 114.5208 114.9553 115.3899 115.8247 116.2596 116.6946 117.1297 117.5648 118.0000 118.4352 118.8703 119.3054 119.7404 120.1753 120.6101 121.0447 121.4792 121.9134 122.3474 122.7812 123.2146 123.6478 124.0806 124.5131 124.9452 125.3769 125.8082 126.2390 126.6693 127.0992
107.1286 107.5585 107.9889 108.4200 108.8515 109.2837 109.7163 110.1494 110.5830 111.0170 111.4514 111.8863 112.3214 112.7570 113.1928 113.6289 114.0652 114.5019 114.9387 115.3757 115.8128 116.2501 116.6875 117.1249 117.5624 118.0000 118.4376 118.8751 119.3125 119.7499 120.1872 120.6243 121.0613 121.4981 121.9348 122.3711 122.8072 123.2430 123.6786 124.1137 124.5486 124.9830 125.4170 125.8506 126.2837 126.7163 127.1485
107.0696 107.5018 107.9345 108.3678 108.8017 109.2361 109.6711 110.1066 110.5425 110.9789 111.4156 111.8528 112.2903 112.7282 113.1664 113.6049 114.0437 114.4827 114.9219 115.3613 115.8008 116.2405 116.6803 117.1201 117.5601 118.0000 118.4399 118.8799 119.3197 119.7595 120.1992 120.6387 121.0781 121.5173 121.9563 122.3951 122.8336 123.2718 123.7097 124.1472 124.5844 125.0211 125.4575 125.8934 126.3289 126.7639 127.1983
107.0100 107.4444 107.8795 108.3151 108.7513 109.1881 109.6254 110.0632 110.5015 110.9402 111.3794 111.8190 112.2589 112.6992 113.1398 113.5807 114.0219 114.4633 114.9049 115.3467 115.7887 116.2308 116.6730 117.1153 117.5576 118.0000 118.4424 118.8847 119.3270 119.7692 120.2113 120.6533 121.0951 121.5367 121.9781 122.4193 122.8602 123.3008 123.7411 124.1810 124.6206 125.0598 125.4985 125.9368 126.3746 126.8119 127.2487
106.9497 107.3865 107.8239 108.2618 108.7004 109.1396 109.5793 110.0194 110.4601 110.9012 111.3428 111.7848 112.2271 112.6698 113.1129 113.5562 113.9998 114.4436 114.8877 115.3320 115.7764 116.2209 116.6656 117.1104 117.5552 118.0000 118.4448 118.8896 119.3344 119.7791 120.2236 120.6680 121.1123 121.5564 122.0002 122.4438 122.8871 123.3302 123.7729 124.2152 124.6572 125.0988 125.5399 125.9806 126.4207 126.8604 127.2996
106.8888 107.3279 107.7676 108.2080 108.6489 109.0905 109.5325 109.9752 110.4182 110.8618 111.3058 111.7502 112.1950 112.6401 113.0856 113.5314 113.9775 114.4238 114.8703 115.3171 115.7640 116.2110 116.6581 117.1054 117.5527 118.0000 118.4473 118.8946 119.3419 119.7890 120.2360 120.6829 121.1297 121.5762 122.0225 122.4686 122.9144 123.3599 123.8050 124.2498 124.6942 125.1382 125.5818 126.0248 126.4675 126.9095 127.3511
106.8271 107.2686 107.7108 108.1535 108.5969 109.0408 109.4854 109.9304 110.3759 110.8219 111.2683 111.7152 112.1625 112.6101 113.0581 113.5063 113.9549 114.4037 114.8528 115.3020 115.7514 116.2010 116.6506 117.1004 117.5502 118.0000 118.4498 118.8996 119.3494 119.7990 120.2486 120.6980 121.1472 121.5963 122.0451 122.4937 122.9419 123.3899 123.8375 124.2848 124.7317 125.1781 125.6241 126.0696 126.5146 126.9592 127.4031
106.7649 107.2087 107.6533 108.0984 108.5443 108.9907 109.4376 109.8851 110.3331 110.7816 111.2305 111.6799 112.1296 112.5797 113.0302 113.4810 113.9321 114.3834 114.8350 115.2868 115.7387 116.1908 116.6430 117.0953 117.5476 118.0000 118.4524 118.9047 119.3570 119.8092 120.2613 120.7132 121.1650 121.6166 122.0679 122.5190 122.9698 123.4203 123.8704 124.3201 124.7695 125.2184 125.6669 126.1149 126.5624 127.0093 127.4557
106.7018 107.1482 107.5952 108.0428 108.4910 108.9399 109.3893 109.8393 110.2898 110.7408 111.1922 111.6441 112.0964 112.5490 113.0021 113.4554 113.9090 114.3629 114.8170 115.2714 115.7259 116.1805 116.6353 117.0901 117.5450 118.0000 118.4550 118.9099 119.3647 119.8195 120.2741 120.7286 121.1830 121.6371 122.0910 122.5446 122.9979 123.4510 123.9036 124.3559 124.8078 125.2592 125.7102 126.1607 126.6107 127.0601 127.5090
106.6382 107.0869 107.5363 107.9865 108.4372 108.8885 109.3405 109.7930 110.2460 110.6995 111.1535 111.6079 112.0628 112.5180 112.9736 113.4295 113.8857 114.3422 114.7989 115.2558 115.7129 116.1701 116.6275 117.0850 117.5424 118.0000 118.4576 118.9150 119.3725 119.8299 120.2871 120.7442 121.2011 121.6578 122.1143 122.5705 123.0264 123.4820 123.9372 124.3921 124.8465 125.3005 125.7540 126.2070 126.6595 127.1115 127.5628
